# Manually created: Land types from SAGE, HYDE, and desired protection/suitability merged and reconciled; missing zeroes backfilled; 2015 scaled to AGLU land cover years
GCAM_region_ID,year,GLU,suit_prot_frac,unsuit_frac,avail_frac,Land_Type
1,2015,GLU007,0.0691302497105461,0.859747550996989,0.0711221992924651,Forest
1,2015,GLU007,0.0432233927953946,0.917932452249143,0.0388441549554622,Grassland
1,2015,GLU007,0.165865119812507,0.536478179553499,0.297656700633993,RockIceDesert
1,2015,GLU007,0.00607488708889499,0.988869208180192,0.00505590473091322,Shrubland
1,2015,GLU007,0.0487963235612612,0.896686854182895,0.0545168222558436,Tundra
1,2015,GLU007,0.00446658997802535,0.762051510975552,0.233481899046423,Pasture
1,2015,GLU023,0.398150820618248,0.0781273362028172,0.523721843178935,Forest
1,2015,GLU023,0.105933505869431,0.0257435426918127,0.868322951438756,Grassland
1,2015,GLU023,0.139708135746365,0.0333132692724493,0.826978594981186,Pasture
1,2015,GLU027,0.112513029955153,0.692702902473684,0.194784067571163,Forest
1,2015,GLU027,0.104578495025635,0.895421504974365,0,Tundra
1,2015,GLU027,0,0.220863729715347,0.779136270284653,Pasture
1,2015,GLU096,0.346410750858977,0.152690833764325,0.500898415376698,Forest
1,2015,GLU096,0.117204932629104,0.00970029465046788,0.873094772720429,Grassland
1,2015,GLU096,0.18283927240689,0.0119578820850425,0.805202845508068,Shrubland
1,2015,GLU096,0.133119202740583,0.00909542966134075,0.857785367598076,Pasture
1,2015,GLU101,0.12384180604147,0.230797548465876,0.645360645492654,Forest
1,2015,GLU101,0.164666113489389,0.237582539665348,0.597751346845264,Grassland
1,2015,GLU101,0.120241017100631,0.210426667532026,0.669332315367343,Pasture
1,2015,GLU217,0.118496959247349,0.448821575229974,0.432681465522677,Forest
1,2015,GLU217,0.113130654875001,0.185987755968522,0.700881589156477,Grassland
1,2015,GLU217,3.06802461880069e-05,0.985666025553144,0.0143032942006678,RockIceDesert
1,2015,GLU217,0.085148582985606,0.729379293357152,0.185472123657242,Shrubland
1,2015,GLU217,0.00350265244826763,0.993532853209194,0.00296449434253832,Tundra
1,2015,GLU217,0.0906766891932205,0.44169240493582,0.46763090587096,Pasture
1,2015,GLU218,0.115896830619716,0.050219599787132,0.833883569593152,Forest
1,2015,GLU218,0.0571432787701872,0.0381434544194016,0.904713266810411,Grassland
1,2015,GLU218,0.0631716284752033,0.0354859715813942,0.901342399943402,Pasture
1,2015,GLU219,0.136285735297054,0.0323046717704485,0.831409592932498,Forest
1,2015,GLU219,0.406749946314571,0.0721215673886362,0.521128486296793,Grassland
1,2015,GLU219,0.15853536068951,0.0368794146205702,0.80458522468992,Pasture
1,2015,GLU220,0.168474816039485,0.303863354186146,0.527661829774369,Forest
1,2015,GLU220,0.110236481053583,0.406278316100654,0.483485202845764,Grassland
1,2015,GLU220,0.0395163098757852,0.822018840742202,0.138464849382013,Shrubland
1,2015,GLU220,0.0196866061582388,0.980313393841761,0,Tundra
1,2015,GLU220,0.0555927522924735,0.654988287419857,0.28941896028767,Pasture
1,2015,GLU221,0.370132263191676,0.0659997634020902,0.563867973406234,Forest
1,2015,GLU221,0.114477379243024,0.160914736778206,0.724607883978769,Grassland
1,2015,GLU221,0.0615392615923379,0.491386334486758,0.447074403920904,Shrubland
1,2015,GLU221,0.0544278102622149,0.428597941360199,0.516974248377587,Pasture
1,2015,GLU222,0.133735085449262,0.390645378501553,0.475619536049185,Forest
1,2015,GLU222,0.0523243668396651,0.500985727939873,0.446689905220462,Grassland
1,2015,GLU222,0.00626660929182967,0.986745149071191,0.00698824163697898,RockIceDesert
1,2015,GLU222,0.0272872315120458,0.845708690024615,0.127004078463339,Shrubland
1,2015,GLU222,0.224864770884174,0.700111319237766,0.0750239098780595,Tundra
1,2015,GLU222,0.0287731693379073,0.798944835934015,0.172281994728077,Pasture
1,2015,GLU223,0.143405530313767,0.153637824507607,0.702956645178626,Forest
1,2015,GLU223,0.0521591275058029,0.0228086992403236,0.925032173253874,Grassland
1,2015,GLU223,0.131121461905647,0.153674723799724,0.715203814294628,Shrubland
1,2015,GLU223,0.0912843529526454,0.693396957513542,0.215318689533812,Tundra
1,2015,GLU223,0.0725624545574296,0.0531153412960269,0.874322204146543,Pasture
1,2015,GLU224,0.145511437596448,0.0366481083221418,0.81784045408141,Forest
1,2015,GLU224,0.0728251459920751,0.0164822700842414,0.910692583923684,Grassland
1,2015,GLU224,0.0467344165839141,0.0173641189117184,0.935901464504368,Shrubland
1,2015,GLU224,0.0858971333672529,0.0205461473033189,0.893556719329428,Pasture
1,2015,GLU225,0.0237221693429324,0.0315436665075018,0.944734164149566,Forest
1,2015,GLU225,0.0387484158646716,0.0410540114391986,0.92019757269613,Grassland
1,2015,GLU225,0.0979032585262115,0.026455310198409,0.87564143127538,Shrubland
1,2015,GLU225,0.0361400349061117,0.035603290467441,0.928256674626447,Pasture
1,2015,GLU226,0.0847444930140198,0.0514844011792951,0.863771105806685,Forest
1,2015,GLU226,0.168196599119016,0.109698184460758,0.722105216420226,Grassland
1,2015,GLU226,0.759885564475553,0.240114435524447,0,Shrubland
1,2015,GLU226,0.0726939775739659,0.0604941992095465,0.866811823216488,Pasture
1,2015,GLU227,0.141224254982399,0.09367105176833,0.765104693249271,Forest
1,2015,GLU227,0.134411927197696,0.130072140192684,0.73551593260962,Grassland
1,2015,GLU227,0.105502742921549,0.0805479571799508,0.8139492998985,Pasture
1,2015,GLU228,0.0496186160690485,0.0420803568856034,0.908301027045348,Forest
1,2015,GLU228,0.0276946037924075,0.0258118759433158,0.946493520264277,Grassland
1,2015,GLU228,0.0404556060723452,0.0371666106090526,0.922377783318602,Pasture
1,2015,GLU229,0.200761485233696,0.283146508741342,0.516092006024962,Forest
1,2015,GLU229,0.0981472069061059,0.312463323748505,0.589389469345389,Grassland
1,2015,GLU229,0.0471086522074906,0.615351107755985,0.337540240036524,Shrubland
1,2015,GLU229,0.230894683347992,0.640371093687464,0.128734222964544,Tundra
1,2015,GLU229,0.0920528779646844,0.393223247982429,0.514723874052887,Pasture
1,2015,GLU230,0.0918754178041507,0.0626695310626962,0.845455051133153,Forest
1,2015,GLU230,0.0463212467817077,0.0702386700547302,0.883440083163562,Grassland
1,2015,GLU230,0.0641882106820462,0.0610776548974367,0.874734134420517,Pasture
1,2015,GLU231,0.164412368986867,0.160757584326458,0.674830046686675,Forest
1,2015,GLU231,0.0844822080518662,0.0324362553322428,0.883081536615891,Grassland
1,2015,GLU231,0.115086319493563,0.742483828421364,0.142429852085073,RockIceDesert
1,2015,GLU231,0.0806399758919842,0.11432776045707,0.805032263650945,Shrubland
1,2015,GLU231,0.0731009244918823,0.553329885005951,0.373569190502167,Tundra
1,2015,GLU231,0.0677358601618639,0.0948052717342988,0.837458868103837,Pasture
1,2015,GLU232,0.228217972085586,0.0862366806051593,0.685545347309255,Forest
1,2015,GLU232,0.0918399938760507,0.254532547164932,0.653627458959017,Grassland
1,2015,GLU232,0.190286677568965,0.104017764007533,0.705695558423501,Pasture
1,2015,GLU233,0.101900329215763,0.111051653500063,0.787048017284173,Forest
1,2015,GLU233,0.157360091324056,0.189798650319868,0.652841258356076,Grassland
1,2015,GLU233,0.0663319664830801,0.0911833928353714,0.842484640681548,Pasture
1,2015,GLU234,0.384643096961299,0.21042481729684,0.404932085741861,Grassland
1,2015,GLU234,0.259401471497753,0.170002936322637,0.570595592179611,Pasture
2,2015,GLU087,0.349641572856925,0.0209863215246633,0.629372105618412,Forest
2,2015,GLU087,0.170197875771621,0.017465223665325,0.812336900563054,Grassland
2,2015,GLU087,0.00949397385755349,0.920970024924211,0.0695360012182353,RockIceDesert
2,2015,GLU087,0.062227130902151,0.273412212003127,0.664360657094722,Shrubland
2,2015,GLU087,0.127081066174158,0.130553613890153,0.742365319935689,Pasture
2,2015,GLU100,0.365288391889371,0.000562155383901189,0.634149452726728,Forest
2,2015,GLU100,0.064475635595697,0.432073368205526,0.503450996198777,Grassland
2,2015,GLU100,0.00310414632287884,0.936195477131438,0.0607003765456835,RockIceDesert
2,2015,GLU100,0.0117046266849325,0.636415723655514,0.351879649659554,Shrubland
2,2015,GLU100,0.0187125357180266,0.695542884485459,0.285744579796514,Pasture
2,2015,GLU144,0,0.474408911880811,0.525591088119189,Grassland
2,2015,GLU144,5.34994940475836e-05,0.948349654928231,0.0515968455777216,RockIceDesert
2,2015,GLU144,2.34376683971614e-09,0.243240558546619,0.756759439109614,Shrubland
2,2015,GLU144,3.79785836112709e-09,0.525390154335375,0.474609841866766,Pasture
2,2015,GLU151,0.00719559639955648,0.00138035565523775,0.991424047945206,Grassland
2,2015,GLU151,0,1,0,RockIceDesert
2,2015,GLU151,3.94853628890728e-10,0.000111475830369287,0.999888523774777,Shrubland
2,2015,GLU151,0.00670011570185835,0.00129336896052165,0.99200651533762,Pasture
2,2015,GLU170,0.450951075966022,0.00642767372943865,0.542621250304539,Forest
2,2015,GLU170,0.182717265627351,0.0584030402132812,0.758879694159368,Grassland
2,2015,GLU170,0.135298664821542,0.234034546684218,0.63066678849424,RockIceDesert
2,2015,GLU170,0.23604409919861,0.0351125103725442,0.728843390428846,Shrubland
2,2015,GLU170,0.113605641342075,0.0566165764410699,0.829777782216855,Pasture
2,2015,GLU171,0.190941903227305,0.0203775733282929,0.788680523444402,Forest
2,2015,GLU171,0.188021628513273,0.141176330281169,0.670802041205558,Grassland
2,2015,GLU171,0.329570708069077,0.0528568757600959,0.617572416170827,Shrubland
2,2015,GLU171,0.139821516743818,0.107223785964528,0.752954697291654,Pasture
2,2015,GLU177,0.322422692658998,0.0365179646957876,0.641059342645214,Forest
2,2015,GLU177,0.130715141644139,0.0153935242812936,0.853891334074567,Grassland
2,2015,GLU177,0.449134358663683,0.124276992838202,0.426588648498115,RockIceDesert
2,2015,GLU177,0.222180462909539,0.0104504776126209,0.76736905947784,Shrubland
2,2015,GLU177,0.168085689309074,0.0211838417323517,0.810730468958574,Pasture
2,2015,GLU179,0.26386022657995,0.0139698841246781,0.722169889295372,Forest
2,2015,GLU179,0.272194662586429,0.0774071779745518,0.650398159439019,Grassland
2,2015,GLU179,0.0631604480961952,0.654066465867348,0.282773086036457,RockIceDesert
2,2015,GLU179,0.283328440116316,0.178248068243304,0.53842349164038,Shrubland
2,2015,GLU179,0.15977168816072,0.165775217503537,0.674453094335743,Pasture
2,2015,GLU183,0.0504245759560967,0.0369573828355742,0.912618041208329,Forest
2,2015,GLU183,0.169822553016085,0.0355611267738481,0.794616320210067,Grassland
2,2015,GLU183,2.4592736728171e-08,0.000260090077063069,0.9997398853302,RockIceDesert
2,2015,GLU183,0.21045786398463,0.0143080328125507,0.77523410320282,Shrubland
2,2015,GLU183,0.151201832354272,0.0319127838467531,0.816885383798975,Pasture
3,2015,GLU075,3.0536721310148e-09,0.426352530051609,0.573647466894719,Grassland
3,2015,GLU075,0.00385883700844275,0.95188762596465,0.0442535370269068,RockIceDesert
3,2015,GLU075,1.74509357552463e-08,0.539522906669727,0.460477075879337,Shrubland
3,2015,GLU080,0.114285495447845,0.111954642918312,0.773759861633843,Forest
3,2015,GLU080,0.113036464722184,0.184287623913833,0.702675911363983,Grassland
3,2015,GLU080,0.0459265066525029,0.834642832032056,0.119430661315442,RockIceDesert
3,2015,GLU080,0.169419889181324,0.166861153261173,0.663718957557503,Shrubland
3,2015,GLU080,0.120657022655433,0.396006090524363,0.483336886820204,Pasture
3,2015,GLU086,0.106891722985257,0.0572870680307043,0.835821208984039,Forest
3,2015,GLU086,0.0563438740316721,0.158120967951505,0.785535158016823,Grassland
3,2015,GLU086,0.0130346410870903,0.914668277587763,0.0722970813251463,RockIceDesert
3,2015,GLU086,0.189382585688509,0.159656688803157,0.650960725508334,Shrubland
3,2015,GLU086,0.0993239257144076,0.460348531597538,0.440327542688054,Pasture
3,2015,GLU087,0.616893304616834,0.383106695383166,0,Forest
3,2015,GLU087,0.0432712827979839,0.149070294208323,0.807658422993693,Grassland
3,2015,GLU087,0.00779541011186402,0.882446000039982,0.109758589848154,RockIceDesert
3,2015,GLU087,0.0183903012560215,0.247613808864874,0.733995889879105,Shrubland
3,2015,GLU095,0.000686345549112409,0.997617189773521,0.00169646467736684,RockIceDesert
3,2015,GLU098,0.00220623078642162,0.99472345118103,0.00307031803254865,RockIceDesert
3,2015,GLU100,0.000215149482888477,0.998355326304585,0.00142952421252684,RockIceDesert
3,2015,GLU144,0.0154481968448209,0.855417764801134,0.129134038354045,Grassland
3,2015,GLU144,0.00571121910648178,0.987622885617926,0.00666589527559269,RockIceDesert
3,2015,GLU144,0.0995513844834558,0.764155521703308,0.136293093813236,Shrubland
3,2015,GLU144,0.0427647539459698,0.856293380327941,0.10094186572609,Pasture
3,2015,GLU149,1.74974222294147e-10,0.999932994935997,6.70048890284436e-05,RockIceDesert
3,2015,GLU151,0.000232446109066593,0.99974036667249,2.71872184434141e-05,RockIceDesert
4,2015,GLU087,0.302952895228602,0.0206976462505118,0.676349458520886,Forest
4,2015,GLU087,0.352101501998067,0.0245989193949675,0.623299578606965,Grassland
4,2015,GLU087,0.0191372729750841,0.084093256740738,0.896769470284178,RockIceDesert
4,2015,GLU087,0.115112366214115,0.00801541615912561,0.87687221762676,Shrubland
4,2015,GLU087,0.216309026229657,0.0272830590791895,0.756407914691153,Pasture
4,2015,GLU162,0.08606198674329,0.0280427238944882,0.885895289362222,Forest
4,2015,GLU162,0.0312316957214787,0.0552102418104435,0.913558062468078,Grassland
4,2015,GLU162,0.0392155884423894,0.04014765138117,0.920636760176441,Pasture
4,2015,GLU171,0.287477696141098,0.013180441862053,0.699341861996849,Forest
4,2015,GLU171,0.369474862916299,0.0116725322551834,0.618852604828517,Grassland
4,2015,GLU171,0.231699882303313,0.109762718177708,0.65853739951898,RockIceDesert
4,2015,GLU171,0.296745476992528,0.0550233306309633,0.648231192376509,Shrubland
4,2015,GLU171,0.331559621200511,0.0124294869501646,0.656010891849324,Pasture
4,2015,GLU179,0.42048566838547,0.025527281984892,0.553987049629638,Forest
4,2015,GLU179,0.455056537312072,0.0119371357390767,0.533006326948851,Grassland
4,2015,GLU179,0.293707760079495,0.246691742974305,0.459600496946201,RockIceDesert
4,2015,GLU179,0.654002125377648,0.0440719105676353,0.301925964054717,Shrubland
4,2015,GLU179,0.378671621666473,0.0150399354363579,0.60628844289717,Pasture
4,2015,GLU182,0.0884288344079295,0.00660897509602537,0.904962190496045,Forest
4,2015,GLU182,0.115142120489886,0.00698686035522269,0.877871019154891,Grassland
4,2015,GLU182,0.0103716035455533,0.9393943625419,0.0502340339125467,RockIceDesert
4,2015,GLU182,0.273386255007221,0.150635418935691,0.575978326057089,Shrubland
4,2015,GLU182,0.0887560946824333,0.0269149766023371,0.88432892871523,Pasture
4,2015,GLU183,0.128385857070765,0.00296587245673077,0.868648270472504,Forest
4,2015,GLU183,0.332186561667173,0.00886060985230396,0.658952828480523,Grassland
4,2015,GLU183,0.565320066291342,0.195842405198563,0.238837528510094,RockIceDesert
4,2015,GLU183,0.680544405190266,0.0260038974296892,0.293451697380045,Shrubland
4,2015,GLU183,0.183156234746731,0.00574057621831942,0.811103189034949,Pasture
4,2015,GLU188,0.243920589265677,0.00752672077141324,0.74855268996291,Forest
4,2015,GLU188,0.369436482780129,0.0102751914303166,0.620288325789555,Grassland
4,2015,GLU188,0.122829575882731,0.374646135810142,0.502524288307127,RockIceDesert
4,2015,GLU188,3.55456826438796e-10,0.00194166223770004,0.998058337406843,Shrubland
4,2015,GLU188,0.213131260259939,0.0117026068656754,0.775166132874386,Pasture
4,2015,GLU190,0.184385989560342,0.0137415321352203,0.801872478304438,Forest
4,2015,GLU190,0.199489281583794,0.015652201941441,0.784858516474765,Grassland
4,2015,GLU190,9.04138171395816e-09,0.22687158812029,0.773128402838329,RockIceDesert
4,2015,GLU190,0.0211285626223842,0.0108066801508971,0.968064757226719,Shrubland
4,2015,GLU190,0.161795100148458,0.016077171702681,0.822127728148861,Pasture
4,2015,GLU194,0.114706422739212,0.0212857819597767,0.864007795301012,Grassland
4,2015,GLU194,0.0252021322713202,0.968816928501216,0.00598093922746379,RockIceDesert
4,2015,GLU194,0.0758516080552299,0.328850786997816,0.595297604946954,Shrubland
4,2015,GLU194,0.0576380753978231,0.261422905139519,0.680939019462658,Pasture
4,2015,GLU196,0.198286689252804,0.0284763125222397,0.773236998224957,Grassland
4,2015,GLU196,0.00446541661917718,0.992605279325321,0.00292930405550151,RockIceDesert
4,2015,GLU196,0.163207943071713,0.437610002719238,0.399182054209049,Shrubland
4,2015,GLU196,0.166445422879541,0.387094132821831,0.446460444298628,Pasture
4,2015,GLU197,0.0854137260907769,0.00848188587321315,0.90610438803601,Forest
4,2015,GLU197,0.35273007001216,0.0212386114200466,0.626031318567793,Grassland
4,2015,GLU197,0.175130420287063,0.759807246085835,0.065062333627102,RockIceDesert
4,2015,GLU197,0.423218853288082,0.0958520527467275,0.480929093965191,Shrubland
4,2015,GLU197,0.334832277726657,0.0200849676429399,0.645082754630403,Pasture
4,2015,GLU198,0.467597428072816,0.0378786447239039,0.49452392720328,Forest
4,2015,GLU198,0.233725259297783,0.0676257603203875,0.69864898038183,Grassland
4,2015,GLU198,0.579928577406388,0.239241411711901,0.180830010881711,RockIceDesert
4,2015,GLU198,0.253127653467435,0.0652143979115876,0.681657948620977,Pasture
4,2015,GLU199,6.78419097977077e-09,0.00141224162900261,0.998587751586806,Forest
4,2015,GLU199,0.164809143455137,0.0187924842693499,0.816398372275513,Grassland
4,2015,GLU199,0.0400909351063062,0.0329824173994252,0.926926647494269,Shrubland
4,2015,GLU199,0.0899279552131735,0.0147348145052487,0.895337230281578,Pasture
5,2015,GLU086,4.09862436014636e-09,0.0752784570919625,0.924721538809413,Grassland
5,2015,GLU086,0.00338221548446269,0.87726408288864,0.119353701626898,RockIceDesert
5,2015,GLU086,0.197470456329295,0.0175303913130272,0.784999152357677,Shrubland
5,2015,GLU086,0.000111604099619939,0.715243416222616,0.284644979677764,Pasture
5,2015,GLU087,0.390101548885545,0.0278817678291672,0.582016683285287,Forest
5,2015,GLU087,0.321284036998202,0.0417011915542166,0.637014771447582,Grassland
5,2015,GLU087,0.142491882195541,0.268740584838905,0.588767532965555,RockIceDesert
5,2015,GLU087,0.537758606033047,0.169501389867075,0.292740004099878,Shrubland
5,2015,GLU087,0.337260615523504,0.0484915801533151,0.614247804323181,Pasture
5,2015,GLU142,0.231559773299061,0.0214603753980905,0.746979851302848,Forest
5,2015,GLU142,0.210981623714427,0.0297735440686802,0.759244832216893,Grassland
5,2015,GLU142,0.10487097985376,0.114825555632023,0.780303464514217,RockIceDesert
5,2015,GLU142,0.240765298208287,0.0356278317503825,0.723606870041331,Shrubland
5,2015,GLU142,0.186293361783904,0.0249088586565904,0.788797779559506,Pasture
5,2015,GLU144,0.0165928794581085,0.363996728208601,0.619410392333291,Grassland
5,2015,GLU144,0.00232105084249514,0.988358575494971,0.00932037366253413,RockIceDesert
5,2015,GLU144,0.0321163091282641,0.518440964215917,0.449442726655819,Shrubland
5,2015,GLU144,0.0336826438783261,0.429892246049423,0.536425110072251,Pasture
5,2015,GLU149,0.278854770133351,0.0202341152973841,0.700911114569265,Forest
5,2015,GLU149,0.1764727089171,0.0201074785348031,0.803419812548097,Grassland
5,2015,GLU149,0.0563809715046563,0.590895005337539,0.352724023157804,RockIceDesert
5,2015,GLU149,0.176578177628183,0.181936113065305,0.641485709306512,Shrubland
5,2015,GLU149,0.181929052717151,0.017486939646289,0.80058400763656,Pasture
5,2015,GLU151,0.0679809374759264,0.0324643926982809,0.899554669825793,Forest
5,2015,GLU151,0.262396866396639,0.0234949027870036,0.714108230816357,Grassland
5,2015,GLU151,0.0116909735091514,0.97095489237196,0.0173541341188884,RockIceDesert
5,2015,GLU151,0.142918524543753,0.480549556266844,0.376531919189404,Shrubland
5,2015,GLU151,0.230037655399739,0.0770227127053122,0.692939631894949,Pasture
5,2015,GLU152,0.0770879622903847,0.000676198173824221,0.922235839535791,Forest
5,2015,GLU152,0.122246852454698,0.00315340384369991,0.874599743701602,Grassland
5,2015,GLU152,0.126111626419445,0.303191071497993,0.570697302082563,RockIceDesert
5,2015,GLU152,0.116589441485225,0.0101696985008285,0.873240860013947,Shrubland
5,2015,GLU152,0.110128594323101,0.0222299656201369,0.867641440056762,Pasture
5,2015,GLU160,0.146684096607514,0.0555310113939156,0.79778489199857,Forest
5,2015,GLU160,0.136739441452067,0.0154068381184853,0.847853720429448,Grassland
5,2015,GLU160,0.0642835266546833,0.337731714556272,0.597984758789044,RockIceDesert
5,2015,GLU160,0.0846455343397978,0.0245477102931385,0.890806755367064,Pasture
5,2015,GLU162,0.15786147167657,0.0153436152477466,0.826794913075683,Forest
5,2015,GLU162,0.151361703265534,0.0386953101518228,0.809942986582643,Grassland
5,2015,GLU162,0.164880918864328,0.151969333255519,0.683149747880153,RockIceDesert
5,2015,GLU162,0.165858913837825,0.094933995533751,0.739207090628424,Shrubland
5,2015,GLU162,0.116395425227389,0.026372242913327,0.857232331859284,Pasture
5,2015,GLU183,0.130238887033999,0.0101793083421334,0.859581804623867,Forest
5,2015,GLU183,0.20195028478335,0.00788105359196614,0.790168661624684,Grassland
5,2015,GLU183,0.149532844361121,0.210409939064821,0.640057216574058,RockIceDesert
5,2015,GLU183,0.782516857484524,0.00183856049914532,0.21564458201633,Shrubland
5,2015,GLU183,0.0984422015565689,0.0113936565638934,0.890164141879538,Pasture
5,2015,GLU188,0.163562980790532,0.014102488955161,0.822334530254307,Forest
5,2015,GLU188,0.199406604332498,0.000450589723128107,0.800142805944374,Grassland
5,2015,GLU188,0.330289088912764,0.0141101242060752,0.655600786881161,Pasture
6,2015,GLU184,0.858082913113838,0.0637199523635034,0.0781971345226589,Forest
6,2015,GLU184,0.546101175424723,0.010021601456691,0.443877223118586,Grassland
6,2015,GLU184,0.0815101875743385,0.918489812425662,0,RockIceDesert
6,2015,GLU184,0.677198386368738,0.0526751346128272,0.270126479018435,Shrubland
6,2015,GLU184,0.460301325170075,0.00848702410261968,0.531211650727305,Pasture
6,2015,GLU189,0.419876797011285,0.0502550122190707,0.529868190769644,Forest
6,2015,GLU189,0.141036914219659,0.0304308199649295,0.828532265815411,Grassland
6,2015,GLU189,0.238221847911506,0.110302084058162,0.651476068030331,Shrubland
6,2015,GLU189,0.0986103048608842,0.0300422932113411,0.871347401927775,Pasture
6,2015,GLU191,0.0878328234303682,0.0435258683854378,0.868641308184194,Forest
6,2015,GLU191,0.225342007690091,0.0614731290602862,0.713184863249623,Grassland
6,2015,GLU191,0.00521107916694566,0.994788920833054,0,RockIceDesert
6,2015,GLU191,0.162482585377328,0.254127920233737,0.583389494388935,Shrubland
6,2015,GLU191,0.134556729122446,0.204731540468,0.660711730409554,Pasture
6,2015,GLU193,0.458418987828219,0.40258017400762,0.139000838164161,Forest
6,2015,GLU193,0.1973820493259,0.43889467408915,0.36372327658495,Grassland
6,2015,GLU193,0.0274018147249944,0.972423977177606,0.000174208097399764,RockIceDesert
6,2015,GLU193,0.337575727090253,0.497012594201295,0.165411678708451,Shrubland
6,2015,GLU193,0.209408546026271,0.328241653493504,0.462349800480224,Pasture
6,2015,GLU201,0.411236025619772,0.271380692494627,0.317383281885601,Forest
6,2015,GLU201,0.199724817125857,0.22397473082819,0.576300452045953,Grassland
6,2015,GLU201,0.135779349960719,0.81204739476387,0.0521732552754117,RockIceDesert
6,2015,GLU201,0.189587566833129,0.669014038687295,0.141398394479576,Tundra
6,2015,GLU201,0.163955381548046,0.167801957141783,0.668242661310171,Pasture
6,2015,GLU202,0.362140211990084,0.0692492588324509,0.568610529177465,Forest
6,2015,GLU202,0.157065288177516,0.536611526346439,0.306323185476045,Grassland
6,2015,GLU202,3.73687835200298e-09,0.999999996263122,0,RockIceDesert
6,2015,GLU202,0.0777231897117775,0.79830167519244,0.123975135095783,Shrubland
6,2015,GLU202,0.119034901118457,0.458460286488944,0.422504812392599,Pasture
6,2015,GLU208,0.256853143788033,0.0747788678264846,0.668367988385482,Forest
6,2015,GLU208,0.110289182511259,0.122473933326081,0.76723688416266,Grassland
6,2015,GLU208,0.12017350888412,0.452794889986351,0.427031601129529,Shrubland
6,2015,GLU208,0.0996554074879786,0.154738853192242,0.74560573931978,Pasture
6,2015,GLU211,0.367783460170529,0.0575580174463757,0.574658522383095,Forest
6,2015,GLU211,0.54528941443979,0.0956743471127192,0.359036238447491,Grassland
6,2015,GLU211,0.602481334284732,0.136081612658608,0.26143705305666,Shrubland
6,2015,GLU211,0.254455287127936,0.0640867641078863,0.681457948764177,Pasture
7,2015,GLU156,0.119871856453771,0.353846984387936,0.526281159158294,Forest
7,2015,GLU156,0.0525493922358677,8.91560389959523e-08,0.947450518608093,Grassland
7,2015,GLU156,0.302579579329687,0,0.697420420670313,Tundra
7,2015,GLU156,0.302579579329687,0,0.697420420670313,Pasture
7,2015,GLU161,0.428674727683857,0.0222653016197177,0.549059970696426,Forest
7,2015,GLU161,0.216326792671114,0.113384567039948,0.670288640288937,Grassland
7,2015,GLU161,0.336197942495346,0.663802057504654,0,RockIceDesert
7,2015,GLU161,3.72550936661772e-09,0.0074579494224938,0.992542046851997,Shrubland
7,2015,GLU161,0.0487653374217657,0.0573500311212644,0.89388463145697,Pasture
7,2015,GLU168,0.31243002513876,0.0198678317960742,0.667702143065166,Forest
7,2015,GLU168,0.245758218679681,0.0143831904790276,0.739858590841292,Grassland
7,2015,GLU168,0.00673435859030273,0.0470053997027973,0.9462602417069,RockIceDesert
7,2015,GLU168,0.500919279646523,0.225951351248748,0.273129369104729,Shrubland
7,2015,GLU168,0.0142405223027859,0.0139233648094231,0.971836112887791,Tundra
7,2015,GLU168,0.181133352986679,0.0222665471101691,0.796600099903152,Pasture
7,2015,GLU172,0.270998339281596,0.172765142561364,0.55623651815704,Forest
7,2015,GLU172,0.293445427417389,0.112263934992413,0.594290637590198,Grassland
7,2015,GLU172,0.851491621990709,0.148508378009291,0,RockIceDesert
7,2015,GLU172,0.180613013571243,0.235172699383279,0.584214287045478,Shrubland
7,2015,GLU172,0.200064768255338,0.165058307972826,0.634876923771836,Pasture
7,2015,GLU174,0.306272299453894,0.0206629701188925,0.673064730427213,Forest
7,2015,GLU174,0.206287615111856,0.0679347250750169,0.725777659813127,Grassland
7,2015,GLU174,0.306868076324463,0.693131923675537,0,RockIceDesert
7,2015,GLU174,0.298888638076463,0.17470230289096,0.526409059032577,Shrubland
7,2015,GLU174,0.186059715786177,0.0596220362252479,0.754318247988575,Pasture
7,2015,GLU186,0.414876560691741,0.0767654491284416,0.508357990179818,Forest
7,2015,GLU186,0.115112869207074,0.0122184249141498,0.872668705878776,Grassland
7,2015,GLU186,8.07526857987934e-09,0.126154089316806,0.873845902607925,RockIceDesert
7,2015,GLU186,0.0556945434576824,0.0220724306644526,0.922233025877865,Shrubland
7,2015,GLU186,0.0598084416610945,0.0206027816229569,0.919588776715949,Pasture
7,2015,GLU187,0.0807279057608156,0.043548201535473,0.875723892703711,Forest
7,2015,GLU187,0.124630429247136,0.0202891338366296,0.855080436916235,Grassland
7,2015,GLU187,0.14037781129124,0.00847854567914434,0.851143643029615,Shrubland
7,2015,GLU187,0.0931065147143257,0.017656708363218,0.889236776922456,Pasture
7,2015,GLU192,0.073324155486226,0.0359658413300499,0.890710003183724,Forest
7,2015,GLU192,0.197248185859661,0.0114345971587828,0.791317216981556,Grassland
7,2015,GLU192,3.83413479936873e-09,0.0602767592422111,0.939723236923654,RockIceDesert
7,2015,GLU192,0.152669222474525,0.047686944427919,0.799643833097556,Shrubland
7,2015,GLU192,0.1486172236976,0.0328921204831638,0.818490655819236,Pasture
7,2015,GLU195,0.141219517562697,0.0309147002695827,0.82786578216772,Forest
7,2015,GLU195,0.173916314999985,0.0422868617680585,0.783796823231957,Grassland
7,2015,GLU195,0.183913177290184,0.275694722793528,0.540392099916288,RockIceDesert
7,2015,GLU195,0.0707619444917687,0.0201401633139091,0.909097892194322,Shrubland
7,2015,GLU195,0.109702417019095,0.0273902789990093,0.862907303981896,Pasture
7,2015,GLU206,0.102018379765056,0.0208844988786319,0.877097121356312,Forest
7,2015,GLU206,0.0899945521628511,0.0193376044786977,0.890667843358451,Grassland
7,2015,GLU206,0.451324026493651,0.548675973506349,0,RockIceDesert
7,2015,GLU206,0.246007983166593,0.26999824592466,0.483993770908746,Shrubland
7,2015,GLU206,0.0845720117210331,0.018337709196849,0.897090279082118,Pasture
8,2015,GLU002,0.0338306750717029,0.782452570390351,0.183716754537946,Forest
8,2015,GLU002,0.0182423460082144,0.943252709034841,0.0385049449569447,Grassland
8,2015,GLU002,1.70753260005741e-10,0.999999999829247,0,RockIceDesert
8,2015,GLU002,0.00134924371661419,0.995545589304879,0.00310516697850649,Shrubland
8,2015,GLU002,1.6330003867841e-10,0.9999999998367,0,Tundra
8,2015,GLU002,0.0528895739835326,0.659972711420875,0.287137714595593,Pasture
8,2015,GLU007,0.151341738839753,0.729197578022871,0.119460683137375,Forest
8,2015,GLU007,0.0298170288455288,0.94637049898031,0.0238124721741614,Grassland
8,2015,GLU007,0.0401637105846633,0.948601582142774,0.0112347072725628,RockIceDesert
8,2015,GLU007,0.00076460003690817,0.99813897188951,0.00109642807358223,Shrubland
8,2015,GLU007,0.0195967794474289,0.956515823125071,0.0238873974275,Tundra
8,2015,GLU007,0.156418555269007,0.712741666739384,0.130839777991609,Pasture
8,2015,GLU010,0.0572733033128342,0.721080078170666,0.2216466185165,Forest
8,2015,GLU010,0.0094669798474963,0.932771431764315,0.0577615883881886,Grassland
8,2015,GLU010,0.000137308623726379,0.999862691376274,0,RockIceDesert
8,2015,GLU010,0.00048483423908171,0.995411901363008,0.00410326439791042,Shrubland
8,2015,GLU010,0.000551405268324372,0.999148009470144,0.000300585261531094,Tundra
8,2015,GLU010,0.0859229149229839,0.530991390322914,0.383085694754102,Pasture
8,2015,GLU015,0.133367213604338,0.724692122524606,0.141940663871056,Forest
8,2015,GLU015,0.0192814131452765,0.969481445207767,0.0112371416469561,Grassland
8,2015,GLU015,1.05390614140208e-09,0.999999998946094,0,RockIceDesert
8,2015,GLU015,0.00531926372508645,0.989775786680036,0.00490494959487764,Shrubland
8,2015,GLU015,1.19212628514153e-05,0.999988078737148,1.11022302462516e-16,Tundra
8,2015,GLU015,0.108222037153487,0.764912510879773,0.12686545196674,Pasture
8,2015,GLU019,0.128282519356409,0.391594833103704,0.480122647539887,Forest
8,2015,GLU019,0.0741715321186871,0.5730828343592,0.352745633522113,Grassland
8,2015,GLU019,1.5642235783429e-10,0.999999999843578,1.11022302462516e-16,RockIceDesert
8,2015,GLU019,0.00903786816639854,0.956740882305154,0.0342212495284472,Shrubland
8,2015,GLU019,0.00165815931249884,0.996758741188105,0.00158309949939617,Tundra
8,2015,GLU019,0.09913092979298,0.445164966708856,0.455704103498164,Pasture
8,2015,GLU023,0.240387548352185,0.281537247076566,0.478075204571249,Forest
8,2015,GLU023,0.195845280849933,0.0382736285386317,0.765881090611435,Grassland
8,2015,GLU023,0,0.999633998841532,0.00036600115846841,RockIceDesert
8,2015,GLU023,0.267724646534042,0.0677894413111855,0.664485912154772,Shrubland
8,2015,GLU023,0.0651774770472498,0.798728771784351,0.1360937511684,Tundra
8,2015,GLU023,0.206328350596281,0.107634918842638,0.686036730561081,Pasture
8,2015,GLU027,0.352744801319274,0.288243017034277,0.359012181646449,Forest
8,2015,GLU027,0.154207004826659,0.651334539738211,0.194458455435129,Grassland
8,2015,GLU027,0.00779218529311241,0.985777767165237,0.00643004754165022,RockIceDesert
8,2015,GLU027,0.215549166779965,0.0956844729371369,0.688766360282898,Shrubland
8,2015,GLU027,0.0710904940636377,0.915672101724894,0.0132374042114684,Tundra
8,2015,GLU027,0.292845321079733,0.311669847976175,0.395484830944092,Pasture
8,2015,GLU034,7.6616501253337e-10,0.996624036994382,0.00337596223945302,Forest
8,2015,GLU034,1.68449063647061e-10,0.999804007275977,0.000195992555574009,Grassland
8,2015,GLU034,4.83355487649887e-10,0.999151608284761,0.000848391231883627,Shrubland
8,2015,GLU034,0,1,0,Tundra
8,2015,GLU034,4.79347877035918e-10,0.99787491367478,0.0021250858458719,Pasture
8,2015,GLU040,0.0798716887443654,0.526432291571631,0.393696019684004,Forest
8,2015,GLU040,0.00606527687214603,0.849717590211913,0.144217132915941,Grassland
8,2015,GLU040,0.00275983660669965,0.991547633803365,0.00569252958993494,Shrubland
8,2015,GLU040,0.0977352527822199,0.315429687642512,0.586835059575268,Tundra
8,2015,GLU040,0.0708592916198532,0.537343283649014,0.391797424731133,Pasture
8,2015,GLU223,0.304008112800898,0.00713217626293302,0.688859710936168,Forest
8,2015,GLU223,0.331321861523084,0.00555425589410033,0.663123882582815,Grassland
8,2015,GLU223,0.798577222747467,1.82720354790495e-08,0.201422758980497,Shrubland
8,2015,GLU223,0.312802217786459,0.00558105425690258,0.681616727956638,Pasture
8,2015,GLU227,0.339270707419952,0.199328534916357,0.461400757663691,Forest
8,2015,GLU227,0.165354589489579,0.144375478804924,0.690269931705497,Grassland
8,2015,GLU227,0.477831157886951,0.0694676252053905,0.452701216907658,Shrubland
8,2015,GLU227,0.291643574230384,0.179684996881579,0.528671428888036,Pasture
8,2015,GLU229,0.124661009718943,0.615186857094791,0.260152133186266,Forest
8,2015,GLU229,0.0645851804141984,0.71634878008839,0.219066039497412,Grassland
8,2015,GLU229,0.000940269639677535,0.991699787142629,0.00735994321769373,RockIceDesert
8,2015,GLU229,0.00699918102317907,0.968321786438782,0.0246790325380385,Tundra
8,2015,GLU229,0.0884128314542273,0.632830813295182,0.278756355250591,Pasture
8,2015,GLU232,0.145278487865022,0.0683125220830514,0.786408990051926,Forest
8,2015,GLU232,0.0580441156333628,0.0444172761486719,0.897538608217965,Grassland
8,2015,GLU232,0.138703428235015,0.0682711946329084,0.793025377132077,Pasture
9,2015,GLU101,0.260893278445279,0.0551410129136987,0.683965708641023,Forest
9,2015,GLU101,0.215161737210314,0.0626197195300427,0.722218543259644,Grassland
9,2015,GLU101,0.244502914847099,0.0670671435286212,0.68842994162428,Shrubland
9,2015,GLU101,0.184614436087847,0.0555004288972112,0.759885135014942,Pasture
9,2015,GLU111,0.346942623530088,0.0236680040486475,0.629389372421265,Forest
9,2015,GLU111,0.159742263779538,0.0453968719773438,0.794860864243118,Grassland
9,2015,GLU111,0.315461656473849,0.016002972539853,0.668535370986298,Shrubland
9,2015,GLU111,0.165731998011606,0.0289393918506956,0.805328610137699,Pasture
9,2015,GLU133,0.309276994241633,0.0388044114733755,0.651918594284991,Forest
9,2015,GLU133,0.220296555071751,0.0798912867682928,0.699812158159957,Grassland
9,2015,GLU133,0.0724273853655359,0.133193197101593,0.794379417532871,Shrubland
9,2015,GLU133,0.231697114285542,0.0508715877759118,0.717431297938546,Pasture
9,2015,GLU135,0.364643451468061,0.0497484471505906,0.585608101381348,Forest
9,2015,GLU135,0.212950150214447,0.0606043894838411,0.726445460301712,Grassland
9,2015,GLU135,0.244873736981682,0.0770434185193766,0.678082844498941,Shrubland
9,2015,GLU135,0.248011519987416,0.0389641004764745,0.713024379536109,Pasture
9,2015,GLU143,0.392220306202891,0.13717450731298,0.470605186484129,Forest
9,2015,GLU143,0.261350063936289,0.169065575772726,0.569584360290986,Grassland
9,2015,GLU143,0.149772832162002,0.0875072780552411,0.762719889782757,Shrubland
9,2015,GLU143,0.336661674965666,0.144470633196022,0.518867691838312,Pasture
9,2015,GLU157,0.355218647410772,0.056363320777522,0.588418031811706,Forest
9,2015,GLU157,0.280057572712712,0.101293344848461,0.618649082438827,Grassland
9,2015,GLU157,0.313897694282039,0.0309819463273851,0.655120359390576,Shrubland
9,2015,GLU157,0.133469095581914,0.0687759902595503,0.797754914158535,Pasture
10,2015,GLU018,0.431161949741147,0.568838050258853,0,Forest
10,2015,GLU018,0.027084017088514,0.549702283420009,0.423213699491477,Grassland
10,2015,GLU018,0.0119667053222656,0.988033294677734,1.11022302462516e-16,RockIceDesert
10,2015,GLU018,0.016779098417891,0.935979788918318,0.0472411126637908,Shrubland
10,2015,GLU018,0.0213534431302652,0.826415272025536,0.152231284844199,Pasture
10,2015,GLU038,0.0234226570119777,0.340198252081182,0.63637909090684,Grassland
10,2015,GLU038,0.00819011416864881,0.921506175439193,0.0703037103921587,Shrubland
10,2015,GLU038,0.0227425172013386,0.3667799075729,0.610477575225761,Pasture
10,2015,GLU042,0.195616311501168,0.650497325376324,0.153886363122507,Forest
10,2015,GLU042,0.017700000257047,0.753432974700307,0.228867025042646,Grassland
10,2015,GLU042,0.00225168782368737,0.992136845952719,0.00561146622359399,RockIceDesert
10,2015,GLU042,0.0233162330428208,0.814681228826515,0.162002538130665,Shrubland
10,2015,GLU042,0.0301524823123502,0.928278894933228,0.0415686227544221,Tundra
10,2015,GLU042,0.016867576031618,0.777144630387433,0.205987793580949,Pasture
10,2015,GLU043,0.0669746718433375,0.570475830934186,0.362549497222476,Forest
10,2015,GLU043,0.179747729449237,0.3498409810811,0.470411289469663,Grassland
10,2015,GLU043,0.197438173516644,0.334452995669705,0.46810883081365,Shrubland
10,2015,GLU043,0.139706953294595,0.338690226669731,0.521602820035674,Pasture
10,2015,GLU045,0.1959964502163,0.759548379771404,0.0444551700122968,Forest
10,2015,GLU045,0.00569995030501145,0.860486746402119,0.13381330329287,Grassland
10,2015,GLU045,0.00502748677190005,0.984564208217712,0.0104083050103877,RockIceDesert
10,2015,GLU045,0.00148774023369916,0.990226397169516,0.00828586259678454,Shrubland
10,2015,GLU045,0.143535440429695,0.829913663339528,0.0265508962307773,Tundra
10,2015,GLU045,0.00590708160070107,0.895824761425587,0.0982681569737115,Pasture
10,2015,GLU047,0.11689513472486,0.634152710150739,0.248952155124401,Forest
10,2015,GLU047,0.0894068469704732,0.603125682500698,0.307467470528828,Grassland
10,2015,GLU047,0.0966813969504399,0.61133673098021,0.291981872069351,Pasture
10,2015,GLU048,0.0577836963619452,0.743963377753675,0.198252925884379,Forest
10,2015,GLU048,0.0516196326395441,0.501685620105721,0.446694747254735,Grassland
10,2015,GLU048,0.060012001631068,0.582018930238428,0.357969068130504,Shrubland
10,2015,GLU048,0.121355350363931,0.854874691646158,0.0237699579899104,Tundra
10,2015,GLU048,0.0459836304376977,0.50271484324137,0.451301526320932,Pasture
10,2015,GLU052,0.0280954701125133,0.799551219065277,0.17235331082221,Grassland
10,2015,GLU052,0.00231291180708266,0.982736664031237,0.0149504241616801,RockIceDesert
10,2015,GLU052,0.00910418474237483,0.842300895540205,0.14859491971742,Shrubland
10,2015,GLU052,0,1,0,Tundra
10,2015,GLU052,0.0172973160872417,0.795574843094691,0.187127840818067,Pasture
10,2015,GLU056,0.0678314718892379,0.290354319642372,0.64181420846839,Forest
10,2015,GLU056,0.0721868893498888,0.16768373424834,0.760129376401771,Grassland
10,2015,GLU056,0.0119854177745065,0.771553654064738,0.216460928160755,RockIceDesert
10,2015,GLU056,0.0535008823747961,0.217135583208935,0.729363534416269,Shrubland
10,2015,GLU056,0.0439716528954914,0.469723752251453,0.486304594853055,Tundra
10,2015,GLU056,0.0657718250377029,0.186780109919175,0.747448065043122,Pasture
10,2015,GLU058,1.49885246916024e-08,0.602260197126672,0.397739787884804,Forest
10,2015,GLU058,0.0362343668307807,0.616184086001229,0.34758154716799,Grassland
10,2015,GLU058,0.00616088853333796,0.932256280655318,0.0615828308113436,RockIceDesert
10,2015,GLU058,0.0270251736921341,0.707927197519514,0.265047628788352,Shrubland
10,2015,GLU058,0.0309301700187885,0.865153743659067,0.103916086322145,Tundra
10,2015,GLU058,0.0278332732204106,0.708056518351064,0.264110208428526,Pasture
10,2015,GLU068,0.157362205325273,0.288750040325766,0.553887754348961,Forest
10,2015,GLU068,0.0489789589341976,0.342973972197824,0.608047068867978,Grassland
10,2015,GLU068,0.0718170069978957,0.825668036565324,0.10251495643678,RockIceDesert
10,2015,GLU068,0.0737467149758908,0.659459207724287,0.266794077299822,Shrubland
10,2015,GLU068,0.115380978207617,0.495795625545183,0.388823396247199,Tundra
10,2015,GLU068,0.0601258137086645,0.512999681228719,0.426874505062617,Pasture
10,2015,GLU070,0.20729603509297,0.271948496415273,0.520755468491757,Forest
10,2015,GLU070,0.0742351138195372,0.509270834313594,0.416494051866868,Grassland
10,2015,GLU070,0.101052165031433,0.898947834968567,0,RockIceDesert
10,2015,GLU070,0.028031399262667,0.754369477331004,0.217599123406329,Tundra
10,2015,GLU070,0.100119443576833,0.457487942127976,0.44239261429519,Pasture
10,2015,GLU072,0.22647700225598,0.137360482662719,0.636162515081301,Forest
10,2015,GLU072,0.252410807323186,0.12814712403435,0.619442068642464,Grassland
10,2015,GLU072,0.182179064680354,0.3028481973651,0.514972737954545,RockIceDesert
10,2015,GLU072,0.150263816226396,0.116835735866315,0.732900447907289,Shrubland
10,2015,GLU072,0.338290675007053,0.21067840162095,0.451030923371996,Tundra
10,2015,GLU072,0.222537117050971,0.125150307854478,0.652312575094551,Pasture
