# Manually created: Land types from SAGE, HYDE, and desired protection/suitability merged and reconciled; missing zeroes backfilled; 2015 scaled to AGLU land cover years
GCAM_region_ID,year,GLU,suit_prot_frac,unsuit_frac,avail_frac,Land_Type
1,2015,GLU007,0.0656861499230781,0.859747550996989,0.0745662990799331,Forest
1,2015,GLU007,0.0457284413082923,0.917932452249143,0.0363391064425644,Grassland
1,2015,GLU007,0.221090834859423,0.536478179553499,0.242430985587078,RockIceDesert
1,2015,GLU007,0.00658460351079174,0.988869208180192,0.00454618830901654,Shrubland
1,2015,GLU007,0.0524740297673989,0.896686854182895,0.050839116049706,Tundra
1,2015,GLU007,0.051709934618382,0.762051510975552,0.186238554406066,Pasture
1,2015,GLU023,0.294097203080732,0.0781273362028172,0.627775460716451,Forest
1,2015,GLU023,0.22861753262093,0.0257435426918127,0.745638924687257,Grassland
1,2015,GLU023,0.231973012952509,0.0333132692724493,0.734713717775042,Pasture
1,2015,GLU027,0.13473086317181,0.692702902473684,0.172566234354506,Forest
1,2015,GLU027,0.0343391597270966,0.895421504974365,0.0702393352985382,Tundra
1,2015,GLU027,0.172638239388841,0.220863729715347,0.606498030895812,Pasture
1,2015,GLU096,0.306265302178559,0.152690833764325,0.541043864057116,Forest
1,2015,GLU096,0.245851079060687,0.00970029465046788,0.744448626288845,Grassland
1,2015,GLU096,0.227932647845191,0.0119578820850425,0.760109470069766,Shrubland
1,2015,GLU096,0.23314742244614,0.00909542966134075,0.757757147892519,Pasture
1,2015,GLU101,0.227715754732752,0.230797548465876,0.541486696801373,Forest
1,2015,GLU101,0.228920381912163,0.237582539665348,0.533497078422489,Grassland
1,2015,GLU101,0.233403572168835,0.210426667532026,0.556169760299139,Pasture
1,2015,GLU217,0.148555293928132,0.448821575229974,0.402623130841895,Forest
1,2015,GLU217,0.203105847712438,0.185987755968522,0.61090639631904,Grassland
1,2015,GLU217,0.00315806854647814,0.985666025553144,0.0111759059003776,RockIceDesert
1,2015,GLU217,0.0837245804911808,0.729379293357152,0.186896126151668,Shrubland
1,2015,GLU217,0.00399226955281702,0.993532853209194,0.00247487723798889,Tundra
1,2015,GLU217,0.139321837787622,0.44169240493582,0.418985757276558,Pasture
1,2015,GLU218,0.229516510359506,0.050219599787132,0.720263889853362,Forest
1,2015,GLU218,0.224311247295943,0.0381434544194016,0.737545298284656,Grassland
1,2015,GLU218,0.223961527845445,0.0354859715813942,0.740552500573161,Pasture
1,2015,GLU219,0.237184691725634,0.0323046717704485,0.730510636503917,Forest
1,2015,GLU219,0.224967944509023,0.0721215673886362,0.70291048810234,Grassland
1,2015,GLU219,0.233277315195116,0.0368794146205702,0.729843270184314,Pasture
1,2015,GLU220,0.186109919471649,0.303863354186146,0.510026726342205,Forest
1,2015,GLU220,0.144825805821404,0.406278316100654,0.448895878077942,Grassland
1,2015,GLU220,0.0455420560510372,0.822018840742202,0.132439103206761,Shrubland
1,2015,GLU220,0.0196866061582388,0.980313393841761,0,Tundra
1,2015,GLU220,0.0810229367755823,0.654988287419857,0.263988775804561,Pasture
1,2015,GLU221,0.270152940459675,0.0659997634020902,0.663847296138234,Forest
1,2015,GLU221,0.218610373467418,0.160914736778206,0.620474889754375,Grassland
1,2015,GLU221,0.128339398643555,0.491386334486758,0.380274266869687,Shrubland
1,2015,GLU221,0.135857447629619,0.428597941360199,0.435544611010182,Pasture
1,2015,GLU222,0.146520576235402,0.390645378501553,0.462834045263045,Forest
1,2015,GLU222,0.113549544600712,0.500985727939873,0.385464727459416,Grassland
1,2015,GLU222,0.00364077310858529,0.986745149071191,0.00961407782022339,RockIceDesert
1,2015,GLU222,0.0419740646758563,0.845708690024615,0.112317245299529,Shrubland
1,2015,GLU222,0.058960481325081,0.700111319237766,0.240928199437153,Tundra
1,2015,GLU222,0.0488557796211599,0.798944835934015,0.152199384444825,Pasture
1,2015,GLU223,0.232970773074444,0.153637824507607,0.613391402417949,Forest
1,2015,GLU223,0.221027817594099,0.0228086992403236,0.756163483165578,Grassland
1,2015,GLU223,0.197542702104102,0.153674723799724,0.648782574096173,Shrubland
1,2015,GLU223,0.0997320566218202,0.693396957513542,0.206870985864637,Tundra
1,2015,GLU223,0.217506536090436,0.0531153412960269,0.729378122613537,Pasture
1,2015,GLU224,0.240603599661381,0.0366481083221418,0.722748292016478,Forest
1,2015,GLU224,0.221028098251679,0.0164822700842414,0.76248963166408,Grassland
1,2015,GLU224,0.227248356510618,0.0173641189117184,0.755387524577664,Shrubland
1,2015,GLU224,0.226051022032547,0.0205461473033189,0.753402830664134,Pasture
1,2015,GLU225,0.217407593204312,0.0315436665075018,0.751048740288187,Forest
1,2015,GLU225,0.227134066210807,0.0410540114391986,0.731811922349994,Grassland
1,2015,GLU225,0.255496779339239,0.026455310198409,0.718047910462352,Shrubland
1,2015,GLU225,0.226381678765442,0.035603290467441,0.738015030767116,Pasture
1,2015,GLU226,0.223168899149378,0.0514844011792951,0.725346699671327,Forest
1,2015,GLU226,0.227568980416791,0.109698184460758,0.662732835122451,Grassland
1,2015,GLU226,0.759885564475553,0.240114435524447,0,Shrubland
1,2015,GLU226,0.218650522924151,0.0604941992095465,0.720855277866302,Pasture
1,2015,GLU227,0.250131713244839,0.09367105176833,0.656197234986831,Forest
1,2015,GLU227,0.234815603463604,0.130072140192684,0.635112256343712,Grassland
1,2015,GLU227,0.235483712721753,0.0805479571799508,0.683968330098296,Pasture
1,2015,GLU228,0.219790095071736,0.0420803568856034,0.73812954804266,Forest
1,2015,GLU228,0.220578382676167,0.0258118759433158,0.753609741380517,Grassland
1,2015,GLU228,0.219092369593273,0.0371666106090526,0.743741019797674,Pasture
1,2015,GLU229,0.21263942046609,0.283146508741342,0.504214070792568,Forest
1,2015,GLU229,0.178327392032088,0.312463323748505,0.509209284219407,Grassland
1,2015,GLU229,0.0925964531155037,0.615351107755985,0.292052439128511,Shrubland
1,2015,GLU229,0.183120276448233,0.640371093687464,0.176508629864303,Tundra
1,2015,GLU229,0.145257526642891,0.393223247982429,0.46151922537468,Pasture
1,2015,GLU230,0.231259474988068,0.0626695310626962,0.706070993949236,Forest
1,2015,GLU230,0.220756922931931,0.0702386700547302,0.709004407013339,Grassland
1,2015,GLU230,0.217989213600055,0.0610776548974367,0.720933131502508,Pasture
1,2015,GLU231,0.222759188937375,0.160757584326458,0.616483226736167,Forest
1,2015,GLU231,0.251763391393277,0.0324362553322428,0.715800353274481,Grassland
1,2015,GLU231,0.129663518086145,0.742483828421364,0.12785265349249,RockIceDesert
1,2015,GLU231,0.224267329603764,0.11432776045707,0.661404909939165,Shrubland
1,2015,GLU231,0.118732826081283,0.553329885005951,0.327937288912766,Tundra
1,2015,GLU231,0.221029654472634,0.0948052717342988,0.684165073793068,Pasture
1,2015,GLU232,0.22077167495519,0.0862366806051593,0.692991644439651,Forest
1,2015,GLU232,0.177955602554949,0.254532547164932,0.567511850280119,Grassland
1,2015,GLU232,0.210373901071438,0.104017764007533,0.685608334921029,Pasture
1,2015,GLU233,0.219074632338943,0.111051653500063,0.669873714160994,Forest
1,2015,GLU233,0.226542266446152,0.189798650319868,0.583659083233979,Grassland
1,2015,GLU233,0.206784660410677,0.0911833928353714,0.702031946753951,Pasture
1,2015,GLU234,0.256857052279703,0.21042481729684,0.532718130423457,Grassland
1,2015,GLU234,0.209339277282336,0.170002936322637,0.620657786395027,Pasture
2,2015,GLU087,0.296255642817088,0.0209863215246633,0.682758035658248,Forest
2,2015,GLU087,0.292984668739735,0.017465223665325,0.68955010759494,Grassland
2,2015,GLU087,0.0231783734916392,0.920970024924211,0.0558516015841496,RockIceDesert
2,2015,GLU087,0.200563073906262,0.273412212003127,0.526024714090611,Shrubland
2,2015,GLU087,0.245811860721167,0.130553613890153,0.623634525388681,Pasture
2,2015,GLU100,0.263139608532744,0.000562155383901189,0.736298236083355,Forest
2,2015,GLU100,0.158098081861573,0.432073368205526,0.409828549932901,Grassland
2,2015,GLU100,0.0179573143786025,0.936195477131438,0.0458472084899598,RockIceDesert
2,2015,GLU100,0.0919403203007741,0.636415723655514,0.271643956043712,Shrubland
2,2015,GLU100,0.0858154537074941,0.695542884485459,0.218641661807046,Pasture
2,2015,GLU144,0.141912127763382,0.474408911880811,0.383678960355807,Grassland
2,2015,GLU144,0.01394584271015,0.948349654928231,0.0377045023616192,RockIceDesert
2,2015,GLU144,0.204328699448982,0.243240558546619,0.552430742004399,Shrubland
2,2015,GLU144,0.128146949495461,0.525390154335375,0.346462896169164,Pasture
2,2015,GLU151,0.269632118529112,0.00138035565523775,0.728987525815651,Grassland
2,2015,GLU151,0,1,0,RockIceDesert
2,2015,GLU151,0.26997472214947,0.000111475830369287,0.729913802020161,Shrubland
2,2015,GLU151,0.26965560535277,0.00129336896052165,0.729051025686708,Pasture
2,2015,GLU170,0.379463541195408,0.00642767372943865,0.614108785075154,Forest
2,2015,GLU170,0.278449834890624,0.0584030402132812,0.663147124896095,Grassland
2,2015,GLU170,0.166094496806398,0.234034546684218,0.599870956509384,RockIceDesert
2,2015,GLU170,0.34589360164779,0.0351125103725442,0.618993887979666,Shrubland
2,2015,GLU170,0.234948156894761,0.0566165764410699,0.708435266664169,Pasture
2,2015,GLU171,0.271124627205012,0.0203775733282929,0.708497799466695,Forest
2,2015,GLU171,0.287890998083555,0.141176330281169,0.570932671635276,Grassland
2,2015,GLU171,0.387713932199944,0.0528568757600959,0.55942919203996,Shrubland
2,2015,GLU171,0.244698560103647,0.107223785964528,0.648077653931825,Pasture
2,2015,GLU177,0.324954541746315,0.0365179646957876,0.638527493557898,Forest
2,2015,GLU177,0.278388380470325,0.0153935242812936,0.706218095248382,Grassland
2,2015,GLU177,0.378836704496393,0.124276992838202,0.496886302665405,RockIceDesert
2,2015,GLU177,0.298247584790292,0.0104504776126209,0.691301937597087,Shrubland
2,2015,GLU177,0.281931494859148,0.0211838417323517,0.6968846634085,Pasture
2,2015,GLU179,0.208608821111684,0.0139698841246781,0.777421294763638,Forest
2,2015,GLU179,0.322489019845875,0.0774071779745518,0.600103802179573,Grassland
2,2015,GLU179,0.107088277046993,0.654066465867348,0.238845257085659,RockIceDesert
2,2015,GLU179,0.341623972054888,0.178248068243304,0.480127959701809,Shrubland
2,2015,GLU179,0.222744835308738,0.165775217503537,0.611479947187725,Pasture
2,2015,GLU183,0.274021238509516,0.0369573828355742,0.68902137865491,Forest
2,2015,GLU183,0.317949574357788,0.0355611267738481,0.646489298868364,Grassland
2,2015,GLU183,0.29165319662504,0.000260090077063069,0.708086713297897,RockIceDesert
2,2015,GLU183,0.285894419280696,0.0143080328125507,0.699797547906753,Shrubland
2,2015,GLU183,0.313147101153435,0.0319127838467531,0.654940114999812,Pasture
3,2015,GLU075,0.141845307266539,0.426352530051609,0.431802162681852,Grassland
3,2015,GLU075,0.0127636100153522,0.95188762596465,0.0353487640199973,RockIceDesert
3,2015,GLU075,0.113861774490878,0.539522906669727,0.346615318839395,Shrubland
3,2015,GLU080,0.245393302239265,0.111954642918312,0.642652054842423,Forest
3,2015,GLU080,0.228697634973318,0.184287623913833,0.587014741112849,Grassland
3,2015,GLU080,0.0486728234713488,0.834642832032056,0.116684344496596,RockIceDesert
3,2015,GLU080,0.243503319891197,0.166861153261173,0.58963552684763,Shrubland
3,2015,GLU080,0.17471845983837,0.396006090524363,0.429275449637267,Pasture
3,2015,GLU086,0.272668873310476,0.0572870680307043,0.67004405865882,Forest
3,2015,GLU086,0.243935263297441,0.158120967951505,0.597943768751053,Grassland
3,2015,GLU086,0.0247778790434128,0.914668277587763,0.0605538433688239,RockIceDesert
3,2015,GLU086,0.249414191498782,0.159656688803157,0.590929119698061,Shrubland
3,2015,GLU086,0.158802168809845,0.460348531597538,0.380849299592616,Pasture
3,2015,GLU087,0.152538665259187,0.383106695383166,0.464354639357647,Forest
3,2015,GLU087,0.216823238553995,0.149070294208323,0.634106467237681,Grassland
3,2015,GLU087,0.0296341459150473,0.882446000039982,0.0879198540449705,RockIceDesert
3,2015,GLU087,0.177692060420364,0.247613808864874,0.574694130714762,Shrubland
3,2015,GLU095,0.000572886091999106,0.997617189773521,0.00180992413448011,RockIceDesert
3,2015,GLU098,0.00125330374870937,0.99472345118103,0.00402324507026086,RockIceDesert
3,2015,GLU100,0.000410463467716557,0.998355326304585,0.00123421022769876,RockIceDesert
3,2015,GLU144,0.0390655683176411,0.855417764801134,0.105516666881225,Grassland
3,2015,GLU144,0.00355985579391872,0.987622885617926,0.00881725858815574,RockIceDesert
3,2015,GLU144,0.0677074798647729,0.764155521703308,0.168136998431919,Shrubland
3,2015,GLU144,0.040467576091741,0.856293380327941,0.103239043580318,Pasture
3,2015,GLU149,1.81089935395641e-05,0.999932994935997,4.88960704631003e-05,RockIceDesert
3,2015,GLU151,8.83350469036005e-05,0.99974036667249,0.000171298280606358,RockIceDesert
4,2015,GLU087,0.228585014393046,0.0206976462505118,0.750717339356442,Forest
4,2015,GLU087,0.328763234367069,0.0245989193949675,0.646637846237963,Grassland
4,2015,GLU087,0.186627832498373,0.084093256740738,0.729278910760889,RockIceDesert
4,2015,GLU087,0.206153490711735,0.00801541615912561,0.78583109312914,Shrubland
4,2015,GLU087,0.199401233419093,0.0272830590791895,0.773315707501717,Pasture
4,2015,GLU162,0.248719051705141,0.0280427238944882,0.723238224400371,Forest
4,2015,GLU162,0.241767019902819,0.0552102418104435,0.703022738286738,Grassland
4,2015,GLU162,0.245621461354624,0.04014765138117,0.714230887264206,Pasture
4,2015,GLU171,0.313862528837053,0.013180441862053,0.672957029300894,Forest
4,2015,GLU171,0.32516687120596,0.0116725322551834,0.663160596538857,Grassland
4,2015,GLU171,0.223150061505593,0.109762718177708,0.667087220316699,RockIceDesert
4,2015,GLU171,0.206387456333291,0.0550233306309633,0.738589213035745,Shrubland
4,2015,GLU171,0.307802044993011,0.0124294869501646,0.679768468056824,Pasture
4,2015,GLU179,0.294433296458173,0.025527281984892,0.680039421556935,Forest
4,2015,GLU179,0.255402317607514,0.0119371357390767,0.732660546653409,Grassland
4,2015,GLU179,0.15129814088511,0.246691742974305,0.602010116140585,RockIceDesert
4,2015,GLU179,0.18338459995561,0.0440719105676353,0.772543489476755,Shrubland
4,2015,GLU179,0.2156093220332,0.0150399354363579,0.769350742530443,Pasture
4,2015,GLU182,0.28984798208402,0.00660897509602537,0.703543042819954,Forest
4,2015,GLU182,0.292961546449343,0.00698686035522269,0.700051593195435,Grassland
4,2015,GLU182,0.0191270791726365,0.9393943625419,0.0414785582854635,RockIceDesert
4,2015,GLU182,0.323319399733864,0.150635418935691,0.526045181330446,Shrubland
4,2015,GLU182,0.267754563670811,0.0269149766023371,0.705330459726852,Pasture
4,2015,GLU183,0.242148106224075,0.00296587245673077,0.754886021319194,Forest
4,2015,GLU183,0.253277641350067,0.00886060985230396,0.737861748797629,Grassland
4,2015,GLU183,0.239135564880201,0.195842405198563,0.565022029921235,RockIceDesert
4,2015,GLU183,0.538249064890748,0.0260038974296892,0.435747037679563,Shrubland
4,2015,GLU183,0.217374470977156,0.00574057621831942,0.776884952804525,Pasture
4,2015,GLU188,0.228618330473779,0.00752672077141324,0.763854948754807,Forest
4,2015,GLU188,0.331104120975335,0.0102751914303166,0.658620687594349,Grassland
4,2015,GLU188,0.162849757739972,0.374646135810142,0.462504106449886,RockIceDesert
4,2015,GLU188,0.203251977107691,0.00194166223770004,0.794806360654609,Shrubland
4,2015,GLU188,0.194118865107216,0.0117026068656754,0.794178528027108,Pasture
4,2015,GLU190,0.278673649324451,0.0137415321352203,0.707584818540329,Forest
4,2015,GLU190,0.248097085501888,0.015652201941441,0.736250712556671,Grassland
4,2015,GLU190,0.194627266991464,0.22687158812029,0.578501144888246,RockIceDesert
4,2015,GLU190,0.214805824556197,0.0108066801508971,0.774387495292906,Shrubland
4,2015,GLU190,0.243616434764069,0.016077171702681,0.74030639353325,Pasture
4,2015,GLU194,0.223751281359371,0.0212857819597767,0.754962936680853,Grassland
4,2015,GLU194,0.006525486262334,0.968816928501216,0.0246575852364501,RockIceDesert
4,2015,GLU194,0.154288449014538,0.328850786997816,0.516860763987645,Shrubland
4,2015,GLU194,0.146783694898497,0.261422905139519,0.591793399961984,Pasture
4,2015,GLU196,0.203228620588424,0.0284763125222397,0.768295066889336,Grassland
4,2015,GLU196,0.00160798982558652,0.992605279325321,0.0057867308490922,RockIceDesert
4,2015,GLU196,0.121111427053591,0.437610002719238,0.44127857022717,Shrubland
4,2015,GLU196,0.128123170889522,0.387094132821831,0.484782696288646,Pasture
4,2015,GLU197,0.275609838346263,0.00848188587321315,0.715908275780524,Forest
4,2015,GLU197,0.291240102854836,0.0212386114200466,0.687521285725118,Grassland
4,2015,GLU197,0.0610681175581996,0.759807246085835,0.179124636355965,RockIceDesert
4,2015,GLU197,0.229635887965826,0.0958520527467275,0.674512059287447,Shrubland
4,2015,GLU197,0.257107131062496,0.0200849676429399,0.722807901294564,Pasture
4,2015,GLU198,0.403473524739014,0.0378786447239039,0.558647830537082,Forest
4,2015,GLU198,0.255501745068008,0.0676257603203875,0.676872494611604,Grassland
4,2015,GLU198,0.268870304725959,0.239241411711901,0.491888283562141,RockIceDesert
4,2015,GLU198,0.266803440417197,0.0652143979115876,0.667982161671216,Pasture
4,2015,GLU199,0.216092028932261,0.00141224162900261,0.782495729438736,Forest
4,2015,GLU199,0.229018967271589,0.0187924842693499,0.752188548459061,Grassland
4,2015,GLU199,0.180478554000804,0.0329824173994252,0.786539028599771,Shrubland
4,2015,GLU199,0.200299283035292,0.0147348145052487,0.78496590245946,Pasture
5,2015,GLU086,0.274646329789997,0.0752784570919625,0.650075213118041,Grassland
5,2015,GLU086,0.0365352959392687,0.87726408288864,0.0862006211720916,RockIceDesert
5,2015,GLU086,0.291801543645581,0.0175303913130272,0.690668065041392,Shrubland
5,2015,GLU086,0.0845739494508502,0.715243416222616,0.200182634326534,Pasture
5,2015,GLU087,0.436034672158815,0.0278817678291672,0.536083560012017,Forest
5,2015,GLU087,0.390668169987626,0.0417011915542166,0.567630638458158,Grassland
5,2015,GLU087,0.195909723334035,0.268740584838905,0.53534969182706,RockIceDesert
5,2015,GLU087,0.537758606033047,0.169501389867075,0.292740004099878,Shrubland
5,2015,GLU087,0.393419195790426,0.0484915801533151,0.558089224056259,Pasture
5,2015,GLU142,0.283669389385728,0.0214603753980905,0.694870235216182,Forest
5,2015,GLU142,0.282125987798788,0.0297735440686802,0.688100468132532,Grassland
5,2015,GLU142,0.262350582239913,0.114825555632023,0.622823862128063,RockIceDesert
5,2015,GLU142,0.282886929728893,0.0356278317503825,0.681485238520725,Shrubland
5,2015,GLU142,0.266833948222365,0.0249088586565904,0.708257193121044,Pasture
5,2015,GLU144,0.176424462196105,0.363996728208601,0.459578809595294,Grassland
5,2015,GLU144,0.00341317278111451,0.988358575494971,0.00822825172391473,RockIceDesert
5,2015,GLU144,0.141281169458814,0.518440964215917,0.34027786632527,Shrubland
5,2015,GLU144,0.16320325795266,0.429892246049423,0.406904495997917,Pasture
5,2015,GLU149,0.293799503743022,0.0202341152973841,0.685966380959594,Forest
5,2015,GLU149,0.283448129075472,0.0201074785348031,0.696444392389725,Grassland
5,2015,GLU149,0.13494398172279,0.590895005337539,0.274161012939671,RockIceDesert
5,2015,GLU149,0.261639563307018,0.181936113065305,0.556424323627677,Shrubland
5,2015,GLU149,0.285342157042941,0.017486939646289,0.69717090331077,Pasture
5,2015,GLU151,0.223026635624317,0.0324643926982809,0.744508971677402,Forest
5,2015,GLU151,0.305269588198066,0.0234949027870036,0.67123550901493,Grassland
5,2015,GLU151,0.00662489669640648,0.97095489237196,0.0224202109316333,RockIceDesert
5,2015,GLU151,0.129096776481474,0.480549556266844,0.390353667251682,Shrubland
5,2015,GLU151,0.264340534353557,0.0770227127053122,0.658636752941131,Pasture
5,2015,GLU152,0.298295339704313,0.000676198173824221,0.701028462121863,Forest
5,2015,GLU152,0.300371020344925,0.00315340384369991,0.696475575811375,Grassland
5,2015,GLU152,0.205024630577753,0.303191071497993,0.491784297924255,RockIceDesert
5,2015,GLU152,0.284084427525475,0.0101696985008285,0.705745873973697,Shrubland
5,2015,GLU152,0.291706592272925,0.0222299656201369,0.686063442106938,Pasture
5,2015,GLU160,0.296666045233581,0.0555310113939156,0.647802943372503,Forest
5,2015,GLU160,0.285776995979848,0.0154068381184853,0.698816165901667,Grassland
5,2015,GLU160,0.219557514781378,0.337731714556272,0.44271077066235,RockIceDesert
5,2015,GLU160,0.249543347701521,0.0245477102931385,0.72590894200534,Pasture
5,2015,GLU162,0.28105395131981,0.0153436152477466,0.703602433432444,Forest
5,2015,GLU162,0.286663308450632,0.0386953101518228,0.674641381397545,Grassland
5,2015,GLU162,0.242231800071783,0.151969333255519,0.605798866672698,RockIceDesert
5,2015,GLU162,0.287087101488408,0.094933995533751,0.617978902977841,Shrubland
5,2015,GLU162,0.2635370655038,0.026372242913327,0.710090691582873,Pasture
5,2015,GLU183,0.289917813545971,0.0101793083421334,0.699902878111896,Forest
5,2015,GLU183,0.294925835130986,0.00788105359196614,0.697193111277048,Grassland
5,2015,GLU183,0.249221586135818,0.210409939064821,0.540368474799361,RockIceDesert
5,2015,GLU183,0.271903534926355,0.00183856049914532,0.726257904574499,Shrubland
5,2015,GLU183,0.244898603230105,0.0113936565638934,0.743707740206002,Pasture
5,2015,GLU188,0.237402913484817,0.014102488955161,0.748494597560022,Forest
5,2015,GLU188,0.240690273394803,0.000450589723128107,0.758859136882069,Grassland
5,2015,GLU188,0.237401074926131,0.0141101242060752,0.748488800867794,Pasture
6,2015,GLU184,0.416796014095879,0.0637199523635034,0.519484033540618,Forest
6,2015,GLU184,0.316800854021151,0.010021601456691,0.673177544522158,Grassland
6,2015,GLU184,0.0116651984049501,0.918489812799592,0.0698449887954583,RockIceDesert
6,2015,GLU184,0.361228366339402,0.0526751346128272,0.586096499047771,Shrubland
6,2015,GLU184,0.254764648499666,0.00848702410261968,0.736748327397714,Pasture
6,2015,GLU189,0.356041162778277,0.0502550122190707,0.593703825002652,Forest
6,2015,GLU189,0.195680100696834,0.0304308199649295,0.773889079338236,Grassland
6,2015,GLU189,0.226439226362605,0.110302084058162,0.663258689579233,Shrubland
6,2015,GLU189,0.167479823180785,0.0300422932113411,0.802477883607874,Pasture
6,2015,GLU191,0.154035960376493,0.0435258683854378,0.802438171238069,Forest
6,2015,GLU191,0.223567042685308,0.0614731290602862,0.714959828254406,Grassland
6,2015,GLU191,0.000745774186566253,0.994788920833054,0.00446530498037934,RockIceDesert
6,2015,GLU191,0.171744200936398,0.254127920233737,0.574127878829864,Shrubland
6,2015,GLU191,0.157186481583766,0.204731540468,0.638081977948234,Pasture
6,2015,GLU193,0.416022137948581,0.40258017400762,0.181397688043799,Forest
6,2015,GLU193,0.134349786251003,0.43889467408915,0.426755539659847,Grassland
6,2015,GLU193,0.0203508761530987,0.972423977177606,0.00722514666929541,RockIceDesert
6,2015,GLU193,0.204666534596321,0.497012594201295,0.298320871202384,Shrubland
6,2015,GLU193,0.131712483723243,0.328241653493504,0.540045862783253,Pasture
6,2015,GLU201,0.321765284804787,0.271380692494627,0.406854022700586,Forest
6,2015,GLU201,0.131704956895121,0.22397473082819,0.644320312276689,Grassland
6,2015,GLU201,0.0976132496128888,0.81204739476387,0.0903393556232417,RockIceDesert
6,2015,GLU201,0.13389270353997,0.669014038687295,0.197093257772735,Tundra
6,2015,GLU201,0.103704799892964,0.167801957141783,0.728493242965253,Pasture
6,2015,GLU202,0.188280144585454,0.0692492588324509,0.742470596582095,Forest
6,2015,GLU202,0.126309583916629,0.536611526346439,0.337078889736932,Grassland
6,2015,GLU202,3.73687835200298e-09,0.999999996263122,0,RockIceDesert
6,2015,GLU202,0.054507470957372,0.79830167519244,0.147190853850188,Shrubland
6,2015,GLU202,0.10025073675738,0.458460286488944,0.441288976753676,Pasture
6,2015,GLU208,0.279843173404851,0.0747788678264846,0.645377958768664,Forest
6,2015,GLU208,0.146715609047786,0.122473933326081,0.730810457626133,Grassland
6,2015,GLU208,0.0950884478251811,0.452794889986351,0.452116662188468,Shrubland
6,2015,GLU208,0.135334688060142,0.154738853192242,0.709926458747616,Pasture
6,2015,GLU211,0.303927083057107,0.0575580174463757,0.638514899496518,Forest
6,2015,GLU211,0.468284621732352,0.0956743471127192,0.436041031154929,Grassland
6,2015,GLU211,0.568602979142571,0.136081612658608,0.295315408198821,Shrubland
6,2015,GLU211,0.213090344218465,0.0640867641078863,0.722822891673649,Pasture
7,2015,GLU156,0.176683953858958,0.353846984387936,0.469469061753106,Forest
7,2015,GLU156,0.206600908557717,8.91560389959523e-08,0.793399002286244,Grassland
7,2015,GLU156,0.368650461986175,0,0.631349538013825,Tundra
7,2015,GLU156,0.368650461986175,0,0.631349538013825,Pasture
7,2015,GLU161,0.51642656026842,0.0222653016197177,0.461308138111862,Forest
7,2015,GLU161,0.331654025774242,0.113384567039948,0.55496140718581,Grassland
7,2015,GLU161,0.336197942495346,0.663802057504654,0,RockIceDesert
7,2015,GLU161,0.185373556682589,0.0074579494224938,0.807168493894917,Shrubland
7,2015,GLU161,0.199756482879061,0.0573500311212644,0.742893485999674,Pasture
7,2015,GLU168,0.377763333853738,0.0198678317960742,0.602368834350188,Forest
7,2015,GLU168,0.281438214134589,0.0143831904790276,0.704178595386384,Grassland
7,2015,GLU168,0.18340054694869,0.0470053997027973,0.769594053348513,RockIceDesert
7,2015,GLU168,0.218183700404386,0.225951351248748,0.555864948346866,Shrubland
7,2015,GLU168,0.191221031350256,0.0139233648094231,0.794855603840321,Tundra
7,2015,GLU168,0.218465377632818,0.0222665471101691,0.759268075257013,Pasture
7,2015,GLU172,0.239272605868279,0.172765142561364,0.587962251570358,Forest
7,2015,GLU172,0.239420004036743,0.112263934992413,0.648316060970844,Grassland
7,2015,GLU172,0.735238501606617,0.148508378009291,0.116253120384092,RockIceDesert
7,2015,GLU172,0.210503404885831,0.235172699383279,0.55432389573089,Shrubland
7,2015,GLU172,0.211359355921435,0.165058307972826,0.62358233610574,Pasture
7,2015,GLU174,0.227018353512278,0.0206629701188925,0.75231867636883,Forest
7,2015,GLU174,0.233548608491799,0.0679347250750169,0.698516666433184,Grassland
7,2015,GLU174,0.306868076324463,0.693131923675537,0,RockIceDesert
7,2015,GLU174,0.283332405538075,0.17470230289096,0.541965291570966,Shrubland
7,2015,GLU174,0.218846861044982,0.0596220362252479,0.72153110272977,Pasture
7,2015,GLU186,0.416682473230673,0.0767654491284416,0.506552077640886,Forest
7,2015,GLU186,0.241694504381725,0.0122184249141498,0.746087070704125,Grassland
7,2015,GLU186,0.163205102008715,0.126154089316806,0.710640808674479,RockIceDesert
7,2015,GLU186,0.202715571640118,0.0220724306644526,0.775211997695429,Shrubland
7,2015,GLU186,0.205870818800216,0.0206027816229569,0.773526399576827,Pasture
7,2015,GLU187,0.190813980742341,0.043548201535473,0.765637817722186,Forest
7,2015,GLU187,0.249191365226217,0.0202891338366296,0.730519500937153,Grassland
7,2015,GLU187,0.27466683226734,0.00847854567914434,0.716854622053515,Shrubland
7,2015,GLU187,0.231616135950015,0.017656708363218,0.750727155686767,Pasture
7,2015,GLU192,0.212889952306945,0.0359658413300499,0.751144206363005,Forest
7,2015,GLU192,0.261929841380464,0.0114345971587828,0.726635561460754,Grassland
7,2015,GLU192,0.175508775288712,0.0602767592422111,0.764214465469077,RockIceDesert
7,2015,GLU192,0.245064168717859,0.047686944427919,0.707248886854222,Shrubland
7,2015,GLU192,0.241166839991935,0.0328921204831638,0.725941039524901,Pasture
7,2015,GLU195,0.215135013096755,0.0309147002695827,0.753950286633662,Forest
7,2015,GLU195,0.209425937768178,0.0422868617680585,0.748287200463764,Grassland
7,2015,GLU195,0.250629465668437,0.275694722793528,0.473675811538035,RockIceDesert
7,2015,GLU195,0.197880350352709,0.0201401633139091,0.781979486333382,Shrubland
7,2015,GLU195,0.201106635100117,0.0273902789990093,0.771503085900874,Pasture
7,2015,GLU206,0.207340511961092,0.0208844988786319,0.771774989160276,Forest
7,2015,GLU206,0.204806706633729,0.0193376044786977,0.775855688887573,Grassland
7,2015,GLU206,0.31942048014322,0.548675973506349,0.131903546350431,RockIceDesert
7,2015,GLU206,0.210914626557417,0.26999824592466,0.519087127517923,Shrubland
7,2015,GLU206,0.202220081085602,0.018337709196849,0.779442209717549,Pasture
8,2015,GLU002,0.0615067598097077,0.782452570390351,0.156040669799942,Forest
8,2015,GLU002,0.016398428713237,0.943252709034841,0.0403488622519221,Grassland
8,2015,GLU002,1.70753260005741e-10,0.999999999829247,0,RockIceDesert
8,2015,GLU002,0.00135467471516809,0.995545589304879,0.0030997359799525,Shrubland
8,2015,GLU002,1.6330003867841e-10,0.9999999998367,0,Tundra
8,2015,GLU002,0.0883204970332804,0.659972711420875,0.251706791545845,Pasture
8,2015,GLU007,0.0895932014109534,0.729197578022871,0.181209220566175,Forest
8,2015,GLU007,0.0211470533449769,0.94637049898031,0.0324824476747133,Grassland
8,2015,GLU007,0.0376257962136694,0.948601582142774,0.0137726216435567,RockIceDesert
8,2015,GLU007,0.00090466967943313,0.99813897188951,0.000956358431057236,Shrubland
8,2015,GLU007,0.0173177509952882,0.956515823125071,0.0261664258796407,Tundra
8,2015,GLU007,0.0877088227776655,0.712741666739384,0.19954951048295,Pasture
8,2015,GLU010,0.0700057713995863,0.721080078170666,0.208914150429748,Forest
8,2015,GLU010,0.017449071849137,0.932771431764315,0.0497794963865479,Grassland
8,2015,GLU010,0.000137308623726379,0.999862691376274,0,RockIceDesert
8,2015,GLU010,0.00120146934490451,0.995411901363008,0.00338662929208766,Shrubland
8,2015,GLU010,0.000613620248572338,0.999148009470144,0.000238370281283151,Tundra
8,2015,GLU010,0.112060276160897,0.530991390322914,0.356948333516189,Pasture
8,2015,GLU015,0.0728549273140241,0.724692122524606,0.20245295016137,Forest
8,2015,GLU015,0.0102517174612706,0.969481445207767,0.020266837330962,Grassland
8,2015,GLU015,1.05390614140208e-09,0.999999998946094,0,RockIceDesert
8,2015,GLU015,0.00339198657540229,0.989775786680036,0.00683222674456174,Shrubland
8,2015,GLU015,1.19212628514153e-05,0.999988078737148,1.11022302462516e-16,Tundra
8,2015,GLU015,0.0617037172061194,0.764912510879773,0.173383771914107,Pasture
8,2015,GLU019,0.16881816751555,0.391594833103704,0.439586999380746,Forest
8,2015,GLU019,0.110462101757521,0.5730828343592,0.316455063883279,Grassland
8,2015,GLU019,1.5642235783429e-10,0.999999999843578,1.11022302462516e-16,RockIceDesert
8,2015,GLU019,0.0166012486015979,0.956740882305154,0.0266578690932477,Shrubland
8,2015,GLU019,0.00202802897292588,0.996758741188105,0.0012132298389691,Tundra
8,2015,GLU019,0.141234850746966,0.445164966708856,0.413600182544178,Pasture
8,2015,GLU023,0.224836632312639,0.281537247076566,0.493626120610795,Forest
8,2015,GLU023,0.243725646412951,0.0382736285386317,0.718000725048417,Grassland
8,2015,GLU023,0,0.999633998841532,0.00036600115846841,RockIceDesert
8,2015,GLU023,0.240780057938521,0.0677894413111855,0.691430500750293,Shrubland
8,2015,GLU023,0.066321091283136,0.798728771784351,0.134950136932513,Tundra
8,2015,GLU023,0.229033796654525,0.107634918842638,0.663331284502837,Pasture
8,2015,GLU027,0.198220374871226,0.288243017034277,0.513536608094497,Forest
8,2015,GLU027,0.109424005372001,0.651334539738211,0.239241454889788,Grassland
8,2015,GLU027,0.00929447973482321,0.985777767165237,0.00492775309993942,RockIceDesert
8,2015,GLU027,0.25163283145853,0.0956844729371369,0.652682695604333,Shrubland
8,2015,GLU027,0.0458750158814444,0.915672101724894,0.0384528823936616,Tundra
8,2015,GLU027,0.165654127508398,0.311669847976175,0.522676024515427,Pasture
8,2015,GLU034,0.00078874838521513,0.996624036994382,0.0025872146204029,Forest
8,2015,GLU034,4.5791183869847e-05,0.999804007275977,0.000150201540153216,Grassland
8,2015,GLU034,0.000198215591075003,0.999151608284761,0.00065017612416407,Shrubland
8,2015,GLU034,0,1,0,Tundra
8,2015,GLU034,0.000496497858151815,0.99787491367478,0.00162858846706793,Pasture
8,2015,GLU040,0.122213691349989,0.526432291571631,0.35135401707838,Forest
8,2015,GLU040,0.0359102496415006,0.849717590211913,0.114372160146587,Grassland
8,2015,GLU040,0.00280552950783059,0.991547633803365,0.00564683668880395,Shrubland
8,2015,GLU040,0.19113983335675,0.315429687642512,0.493430479000738,Tundra
8,2015,GLU040,0.114366346266791,0.537343283649014,0.348290370084195,Pasture
8,2015,GLU223,0.302651643811749,0.00713217626293302,0.690216179925318,Forest
8,2015,GLU223,0.324923513408861,0.00555425589410033,0.669522230697038,Grassland
8,2015,GLU223,0.621549649477728,1.82720354790495e-08,0.378450332250237,Shrubland
8,2015,GLU223,0.313789760398935,0.00558105425690258,0.680629185344162,Pasture
8,2015,GLU227,0.221482281903617,0.199328534916357,0.579189183180026,Forest
8,2015,GLU227,0.219649372311787,0.144375478804924,0.635975148883289,Grassland
8,2015,GLU227,0.535862176567908,0.0694676252053905,0.394670198226701,Shrubland
8,2015,GLU227,0.216280692768374,0.179684996881579,0.604034310350047,Pasture
8,2015,GLU229,0.105292616512045,0.615186857094791,0.279520526393163,Forest
8,2015,GLU229,0.0766399083745568,0.71634878008839,0.207011311537053,Grassland
8,2015,GLU229,0.00174368282534554,0.991699787142629,0.00655653003202572,RockIceDesert
8,2015,GLU229,0.0112012753412244,0.968321786438782,0.0204769382199932,Tundra
8,2015,GLU229,0.086866542026303,0.632830813295182,0.280302644678515,Pasture
8,2015,GLU232,0.229674359370442,0.0683125220830514,0.702013118546507,Forest
8,2015,GLU232,0.228463040538462,0.0444172761486719,0.727119683312867,Grassland
8,2015,GLU232,0.22872307018173,0.0682711946329084,0.703005735185361,Pasture
9,2015,GLU101,0.285619252567613,0.0551410129136987,0.659239734518688,Forest
9,2015,GLU101,0.25889921485489,0.0626197195300427,0.678481065615067,Grassland
9,2015,GLU101,0.448801511912436,0.0670671435286212,0.484131344558943,Shrubland
9,2015,GLU101,0.234575191678422,0.0555004288972112,0.709924379424367,Pasture
9,2015,GLU111,0.379803442652191,0.0236680040486475,0.596528553299162,Forest
9,2015,GLU111,0.228229252370398,0.0453968719773438,0.726373875652258,Grassland
9,2015,GLU111,0.362319747241836,0.016002972539853,0.621677280218311,Shrubland
9,2015,GLU111,0.224362290557599,0.0289393918506956,0.746698317591706,Pasture
9,2015,GLU133,0.309836557279376,0.0388044114733755,0.651359031247248,Forest
9,2015,GLU133,0.21158627670136,0.0798912867682928,0.708522436530347,Grassland
9,2015,GLU133,0.115452918610339,0.133193197101593,0.751353884288067,Shrubland
9,2015,GLU133,0.242292013853938,0.0508715877759118,0.70683639837015,Pasture
9,2015,GLU135,0.277132045369243,0.0497484471505906,0.673119507480167,Forest
9,2015,GLU135,0.236525574935417,0.0606043894838411,0.702870035580742,Grassland
9,2015,GLU135,0.312701143516676,0.0770434185193766,0.610255437963948,Shrubland
9,2015,GLU135,0.224828295309856,0.0389641004764745,0.73620760421367,Pasture
9,2015,GLU143,0.300158398471618,0.13717450731298,0.562667094215401,Forest
9,2015,GLU143,0.235417174888522,0.169065575772726,0.595517249338752,Grassland
9,2015,GLU143,0.206371359318885,0.0875072780552411,0.706121362625874,Shrubland
9,2015,GLU143,0.268723211735143,0.144470633196022,0.586806155068835,Pasture
9,2015,GLU157,0.363239654490701,0.056363320777522,0.580397024731777,Forest
9,2015,GLU157,0.318015267072043,0.101293344848461,0.580691388079495,Grassland
9,2015,GLU157,0.222544180239253,0.0309819463273851,0.746473873433362,Shrubland
9,2015,GLU157,0.205116176073236,0.0687759902595503,0.726107833667213,Pasture
10,2015,GLU018,0.125490613871314,0.568838059902191,0.305671326226495,Forest
10,2015,GLU018,0.135530944878094,0.549702283420009,0.314766771701897,Grassland
10,2015,GLU018,0.00287143530031472,0.988033294677734,0.00909527002195087,RockIceDesert
10,2015,GLU018,0.0186332253011559,0.935979788918318,0.045386985780526,Shrubland
10,2015,GLU018,0.0517727175612869,0.826415272025536,0.121812010413177,Pasture
10,2015,GLU038,0.19745457295989,0.340198252081182,0.462347174958928,Grassland
10,2015,GLU038,0.0228458044321392,0.921506175439193,0.0556480201286682,Shrubland
10,2015,GLU038,0.189476489522541,0.3667799075729,0.443743602904559,Pasture
10,2015,GLU042,0.120537597544682,0.650497325376324,0.228965077078994,Forest
10,2015,GLU042,0.0544010986822115,0.753432974700307,0.192165926617481,Grassland
10,2015,GLU042,0.00325432531907839,0.992136845952719,0.0046088287282029,RockIceDesert
10,2015,GLU042,0.0450058769741545,0.814681228826515,0.140312894199331,Shrubland
10,2015,GLU042,0.0329555120274648,0.928278894933228,0.0387655930393074,Tundra
10,2015,GLU042,0.0482669732866343,0.777144630387433,0.174588396325932,Pasture
10,2015,GLU043,0.119915099128692,0.570475830934186,0.309609069937122,Forest
10,2015,GLU043,0.173713364949699,0.3498409810811,0.476445653969201,Grassland
10,2015,GLU043,0.182463214455336,0.334452995669705,0.483083789874958,Shrubland
10,2015,GLU043,0.139287489435934,0.338690226669731,0.522022283894335,Pasture
10,2015,GLU045,0.147821835122278,0.759548379771404,0.092629785106318,Forest
10,2015,GLU045,0.0411672099563098,0.860486746402119,0.0983460436415712,Grassland
10,2015,GLU045,0.00449262480185624,0.984564208217712,0.0109431669804315,RockIceDesert
10,2015,GLU045,0.00285069583880037,0.990226397169516,0.0069229069916833,Shrubland
10,2015,GLU045,0.069320962655553,0.829913663339528,0.100765374004919,Tundra
10,2015,GLU045,0.0310052968485521,0.895824761425587,0.0731699417258604,Pasture
10,2015,GLU047,0.151971564381445,0.634152710150739,0.213875725467817,Forest
10,2015,GLU047,0.127971628846447,0.603125682500698,0.268902688652855,Grassland
10,2015,GLU047,0.134323015012268,0.61133673098021,0.254340254007523,Pasture
10,2015,GLU048,0.0751025875688976,0.743963377753675,0.180934034677427,Forest
10,2015,GLU048,0.112408469374056,0.501685620105721,0.385905910520222,Grassland
10,2015,GLU048,0.106487088075879,0.582018930238428,0.311493981685693,Shrubland
10,2015,GLU048,0.11326986655048,0.854874691646158,0.0318554418033612,Tundra
10,2015,GLU048,0.108821346665123,0.50271484324137,0.388463810093507,Pasture
10,2015,GLU052,0.0596142921909894,0.799551219065277,0.140834488743734,Grassland
10,2015,GLU052,0.00498250256916914,0.982736664031237,0.0122808333995937,RockIceDesert
10,2015,GLU052,0.0461291536003744,0.842300895540205,0.111569950859421,Shrubland
10,2015,GLU052,0,1,0,Tundra
10,2015,GLU052,0.059529673190111,0.795574843094691,0.144895483715198,Pasture
10,2015,GLU056,0.21271111560327,0.290354319642372,0.496934564754358,Forest
10,2015,GLU056,0.246680372169832,0.16768373424834,0.585635893581828,Grassland
10,2015,GLU056,0.0668125710928836,0.771553654064738,0.161633774842378,RockIceDesert
10,2015,GLU056,0.231224963731794,0.217135583208935,0.551639453059271,Shrubland
10,2015,GLU056,0.154843445241736,0.469723752251453,0.375432802506811,Tundra
10,2015,GLU056,0.24012689342719,0.186780109919175,0.573092996653634,Pasture
10,2015,GLU058,0.0735303259466334,0.602260197126672,0.324209476926695,Forest
10,2015,GLU058,0.102301259591648,0.616184086001229,0.281514654407123,Grassland
10,2015,GLU058,0.020037932905118,0.932256280655318,0.0477057864395636,RockIceDesert
10,2015,GLU058,0.0796425139503023,0.707927197519514,0.212430288530184,Shrubland
10,2015,GLU058,0.0318435158022795,0.865153743659067,0.103002740538654,Tundra
10,2015,GLU058,0.0783364144496731,0.708056518351064,0.213607067199263,Pasture
10,2015,GLU068,0.221338234966172,0.288750040325766,0.489911724708062,Forest
10,2015,GLU068,0.195501664313638,0.342973972197824,0.461524363488538,Grassland
10,2015,GLU068,0.074141965717006,0.825668036565324,0.10018999771767,RockIceDesert
10,2015,GLU068,0.111875524909081,0.659459207724287,0.228665267366631,Shrubland
10,2015,GLU068,0.168558330127979,0.495795625545183,0.335646044326837,Tundra
10,2015,GLU068,0.148103903344985,0.512999681228719,0.338896415426296,Pasture
10,2015,GLU070,0.2032968144806,0.271948496415273,0.524754689104127,Forest
10,2015,GLU070,0.131312105091088,0.509270834313594,0.359417060595318,Grassland
10,2015,GLU070,0.0160305343723528,0.898947834968567,0.0850216306590803,RockIceDesert
10,2015,GLU070,0.0643000988107004,0.754369477331004,0.181330423858296,Tundra
10,2015,GLU070,0.14639401676281,0.457487942127976,0.396118041109214,Pasture
10,2015,GLU072,0.248235460598622,0.137360482662719,0.614404056738659,Forest
10,2015,GLU072,0.248914366068374,0.12814712403435,0.622938509897276,Grassland
10,2015,GLU072,0.273492534171244,0.3028481973651,0.423659268463655,RockIceDesert
10,2015,GLU072,0.257544307045376,0.116835735866315,0.625619957088308,Shrubland
10,2015,GLU072,0.226945987741313,0.21067840162095,0.562375610637736,Tundra
10,2015,GLU072,0.247835552357253,0.125150307854478,0.627014139788269,Pasture
